,PC1,PC2,PC3,PC4,PC5,PC6,PC7,PC8,PC9,PC10,PC11,PC12,PC13,PC14,PC15,PC16,PC17,PC18,PC19,PC20,PC21,PC22
response_time_sec,-0.18111438418492998,0.6651502385169794,0.05749766661732129,0.01338179068243955,-1.4521089545248333e-16,-1.5406136404702643e-17,-0.010578248596293808,0.010549277478027547,-4.433940777981702e-31,2.4352825808328182e-30,5.260630151500141e-16,1.6563138298440807e-30,-1.3239424825262921e-30,-0.013650691137668435,-5.230654867147296e-05,-0.002187867274145443,0.006336837533325003,0.7216877531713392,-2.25242501603734e-16,0.0,-7.163738209995591e-17,-6.605315106840394e-16
sex_F,-0.6874917902215798,-0.15675158755985652,-0.004721842752031377,-0.0010520456957682737,-4.986684224950722e-16,3.65075660149379e-16,0.0008573510145131449,-0.0008943661405288632,-1.8594187324182717e-16,-2.371350302005185e-15,4.770350070937424e-16,-5.74385328538367e-16,1.8925381500441796e-18,0.001498151004746589,-0.15661112364363688,3.070482523785319e-05,-0.0003361073033680199,-0.027619649700410864,0.6875295776952276,0.0,-0.009478668197919177,-0.0684107287806326
sex_M,0.6901587193187024,0.1567263165297769,0.004482296931587593,0.0008896126837963072,-3.857457080969946e-16,3.448737456318057e-16,-0.0006538487328924818,0.0006048948562909736,-1.0695526737300098e-16,-1.940719042875908e-15,3.810945321443479e-16,-3.989209290452418e-16,6.187022693437299e-17,-0.00046780990598018103,-0.13260523178200295,-0.00024811603204848837,0.0004941354238097031,0.02833802343580511,0.6898595188847132,0.0,-0.009510790073358819,-0.06864256313359682
sex_U,-0.016913225699869965,-0.0017091435269413512,0.0007580402425694689,0.0005386326653135638,2.220507718028575e-15,-1.349621977190952e-15,-0.0006800945336606994,0.0009711219037828112,1.4068846249800093e-15,1.5076196872451842e-14,-3.639482821566423e-15,4.309970439333633e-15,-2.6510964215225783e-16,-0.0034758974686364343,0.9787049955623792,0.0007374167276314927,-0.0005395937020421747,-0.0027516699802964156,0.2034870180522336,0.0,-0.0028053861088665017,-0.020247412844428676
sex_nan,6.938893903907228e-18,-0.0,5.551115123125783e-17,-0.0,-4.7803502311540605e-17,1.5304664780008669e-16,-1.1102230246251565e-16,-1.6653345369377348e-16,-4.509891701786414e-17,-1.475141218147562e-16,-4.9729860058248057e-17,1.3748320536991126e-16,-2.329294312698464e-16,3.3306690738754696e-16,-1.0625181290357943e-16,-4.163336342344337e-17,-0.0,0.0,0.002888819400351015,0.0,0.9940702944268401,-0.10870098647486179
group_Addition2,0.022002197963097412,-0.11463429207343348,-0.1890227625586823,-0.2607559455776276,-0.5746183751576158,-0.4639697535828175,-0.31218345028769645,0.3854675685612299,9.55467884882529e-16,-4.252065478529107e-15,1.3423627214630127e-14,3.351644796600792e-15,-3.5491206193653285e-15,-0.060062048162677045,2.4370548183209508e-05,-0.046976796289208284,-0.008455517279057304,0.11965541427531579,0.026612028534888078,0.0,0.028732999774883236,0.2634704598280896
group_BasicGeometry,0.02520072854758395,-0.13269585665518968,-0.26801088430993114,0.8834819403476601,-9.25520292006725e-15,-1.1469617228798017e-14,-0.02770417031579151,0.1486082522857654,-1.2584171742823091e-15,2.7347076409370404e-15,4.750516501987412e-16,-9.102948837987948e-17,-1.6434974320200612e-15,-0.036297114156003576,1.7782157669689154e-05,-0.034314203540958245,-0.007058425968620391,0.13028865589465524,0.029471125644581174,0.0,0.03181996612551226,0.29177674355225003
group_DebugRobotCode,-0.028944947091350717,0.15195774871059436,0.01649243601674292,0.010708090012053813,-1.523299910409347e-15,-5.340027453798193e-16,-0.03408681379500145,0.0032212374409928434,-1.4965868877379307e-16,-5.895306089129189e-16,2.0241539362756027e-15,-5.332737150655018e-16,-3.186243558320658e-17,-0.06296561741444336,-0.000436507961379451,0.02145128281224756,0.9623302895366286,-0.15895233673298945,0.013677416228458123,0.0,0.014767502480994949,0.13541226811205842
group_Division1,0.0021642179751729792,-0.00895943681880315,-0.09580862962700819,-0.06682217158671995,-4.267504873226311e-15,8.789920681152874e-15,-0.021617768014271756,-0.29402522359449723,-0.02841663603779359,-0.6130485056187293,-0.13118908895205514,-0.01648999335515812,0.66598321751504,-0.028453572884723697,0.00040978409759670264,-0.07459637602148345,-0.02575140335498509,0.02111574842172957,0.023263098376126487,0.0,0.025117160818012723,0.23031461950181192
group_Division3,-0.005772626737893584,0.033061238194787484,-0.07657911387345777,-0.051641934972401875,1.3088619187916525e-14,1.0067748327372514e-17,-0.04509348491325583,-0.2476634490427109,-0.2992624301134453,-0.19903619639686912,0.5353397934571765,-0.5836312649337052,-0.31723836322488524,0.09688196259033241,0.0005824536334651265,-0.06974699754279573,-0.032807979881363095,-0.019992740613780438,0.023263098376126362,0.0,0.025117160818012546,0.23031461950181203
group_LogicalReasoning,-0.018954360961695373,0.10435118396014668,-0.07267076412046514,-0.08581795836069576,-0.2747664235171929,0.08261538557860149,0.880969317027434,0.1866171585062827,1.4699502131998473e-15,9.798394399389371e-15,8.489270834074379e-16,1.3236862860264695e-15,-6.410204977481335e-15,0.05397994283231642,0.00035515093043254946,-0.03530781781249526,-0.031414449256755135,-0.08217707302007903,0.026612028534887956,0.0,0.028732999774883163,0.2634704598280895
group_MapDistance,-0.04255414025994693,0.22779656212945468,0.012535732048540285,0.01870744169844666,-7.599136740422961e-16,9.757479894476278e-15,-0.1538863906303341,-0.032810280153584274,-0.10787555158471866,-0.2198730872057665,-0.347712068266575,0.25148440328861116,-0.33547296811311345,0.6777211826495224,0.0013826515834046897,-0.04727364868242747,-0.06551008938554133,-0.2105007447380752,0.023263098376126654,0.0,0.025117160818012293,0.23031461950181184
group_MissingNumber_Division,-0.0043316003063450376,0.02468990293877207,-0.053944643793444456,-0.027411501296458394,3.3010310094710133e-15,6.967544508847775e-16,-0.017359187977170766,-0.06514820189219114,-4.27657469024876e-15,-4.150036777813328e-15,-1.6737321646159759e-15,1.851827593899436e-15,-9.085653795393312e-16,-0.02201230857623737,-0.0008090487754361071,0.9749223743366542,-0.0561922267181909,-0.015306219215930736,0.019169306109131812,0.0,0.02069709445096506,0.18978432585615043
group_MissingNumber_Subtraction,0.008640149158227308,-0.04324547988645939,-0.11149862044898162,-0.07920822312366939,7.372039246857642e-15,4.1888441654420545e-15,-0.0024631628019116526,-0.33185331175496946,0.1792548810450754,-0.0177226358390304,0.4942477477983444,0.6963321529383074,-0.16355038404522168,-0.13071893549049154,0.00026889737595733225,-0.07855314252553748,-0.019993711775414567,0.05465750911600492,0.023263098376126338,0.0,0.025117160818012584,0.2303146195018119
group_Multiplication2,0.007650793719775389,-0.03790057292126727,-0.14825238028190388,-0.19945670955846279,0.7664451369481433,-0.4031204199119052,0.1059038631318957,0.3157892876321842,2.1080275286100994e-15,-8.291379547287488e-16,-8.533599822054138e-15,6.558076491176881e-15,2.8633781708259448e-15,-0.020101105240503323,0.00014027781934860316,-0.04288792184218007,-0.016500453730184585,0.04893219702627279,0.026612028534888293,0.0,0.028732999774883305,0.2634704598280895
group_RainfallStatistics,-0.02587897633433271,0.13951190122850493,-0.02786512484018381,-0.013185954622718599,2.432194868990091e-15,-5.264090323351828e-15,-0.1045643436817118,-0.1302155108822225,0.18195917598052894,0.6171486944011321,0.20751327091045424,-0.12305261448686085,0.4812708485246372,0.4143935410856251,0.0010198760825911762,-0.05746210316185652,-0.05068435263687249,-0.12413256970336627,0.023263098376126272,0.0,0.025117160818012983,0.23031461950181176
group_Rally,0.04390824150064878,-0.2493348780927653,0.8624210528301038,0.055959250560956096,-5.368406622268703e-16,-4.683452981642716e-16,-0.006875185632282589,0.04715619978514063,4.581621878230024e-16,-2.4382173441653626e-16,6.633042007759363e-16,-6.200626361645277e-16,-4.383362196092129e-16,-0.015266660783221963,7.371594647512256e-06,-0.01713343180919212,-0.004073660673375737,0.1699783197987863,0.03962406057981681,0.0,0.04278208713880081,0.3922951400542052
group_Subtraction1,0.010297972608870366,-0.05202262785493271,-0.11551522192138679,-0.08237902375734088,-2.3350685398361317e-15,-3.0140040807374443e-15,0.002440371965714266,-0.3415372150999356,0.6813723621989949,0.040932616957459145,-0.3629583610890905,-0.3002117896623871,-0.28824742113571883,-0.15689863251386477,0.0002328307000767013,-0.07956606562705097,-0.01851975600714536,0.06324412251306104,0.023263098376126272,0.0,0.025117160818012595,0.23031461950181173
group_Subtraction2,0.01894065636310764,-0.09826492017621291,-0.18032534039207315,-0.24767916521950417,0.082939661726666,0.7844747879161241,-0.22299415001012746,0.37060331193078094,3.8729868336993344e-15,1.2070579605348982e-14,4.939909812872435e-15,-3.2255513808181007e-15,-8.348813752784326e-16,-0.05153730124197703,4.909669528429736e-05,-0.04610452908772364,-0.010171719205836703,0.10456824454460392,0.02661202853488795,0.0,0.02873299977488317,0.2634704598280893
group_Subtraction3,0.01666009500999667,-0.08570612393924965,-0.13092947498558646,-0.09454740135699062,-4.177705504163426e-15,-3.19855369750461e-15,0.021258351876495062,-0.3787005079568968,-0.6070318014886437,0.3915991137017851,-0.39524129385828044,0.07556910621118293,-0.042744929520724645,-0.25736677152003545,9.441993838175955e-05,-0.08345329544774117,-0.012863250781608123,0.09619641633061517,0.023263098376126376,0.0,0.025117160818012747,0.23031461950181162
group_WordPuzzle,-0.10144175627256735,0.53421751679125,0.15318937238053337,0.09559910561200045,-1.7692977983280012e-15,8.90391802052487e-16,-0.1597546779513803,0.1217946871015823,-3.94253153355694e-15,1.4307417229291198e-15,1.4258257699329338e-14,7.887812465280458e-16,-9.191203485460264e-16,-0.48482152878180895,-0.004555065019974366,-0.06884453420039488,-0.24436318980917093,-0.5431574494870794,0.019169306109131812,0.0,0.020697094450965042,0.18978432585615068
group_nan,0.0,-0.0,0.0,-0.0,-0.0,-0.0,0.0,-0.0,-0.0,0.0,0.0,0.0,0.0,-0.0,0.0,-0.0,-0.0,0.0,0.0,1.0,-0.0,0.0
